# Hecus319-D2O-30C.dat
#
# sample:	005351.chi
# background:	005205_005207.chi
# scfb = 0.87
# y' = y(sample) - scfb * y(background)
# dy' = sqrt( dy(sample)^2 + ( scfb * dy(background) )^2 )
# Drop 0 points at the beginning and 0 points at the end
#
#           s [1/nm]            I [1/cm]           dI [1/cm]
        0.0134034148        3.4014308272        0.0027836942
        0.0172329619        3.0737009872        0.0013983357
        0.0210625090        2.5620479324        0.0014831814
        0.0248920561        1.7193967262        0.0015121057
        0.0287216032        0.9526405553        0.0010648025
        0.0325511503        0.5628759893        0.0007154318
        0.0363806974        0.3672253780        0.0004487235
        0.0402102445        0.2710827653        0.0002673464
        0.0440397915        0.2265656369        0.0002422635
        0.0478693386        0.1776854618        0.0001865654
        0.0516988857        0.1359519491        0.0001435417
        0.0555284328        0.1045651381        0.0001196871
        0.0593579799        0.0764465432        0.0001074670
        0.0631875270        0.0627989328        0.0000976485
        0.0670170741        0.0544041293        0.0000843221
        0.0708466212        0.0452312831        0.0000662564
        0.0746761683        0.0450685626        0.0000747239
        0.0785057154        0.0430005027        0.0000737233
        0.0823352625        0.0425586031        0.0000734477
        0.0861648095        0.0408359031        0.0000707887
        0.0899943566        0.0379244666        0.0000694087
        0.0938239037        0.0320612619        0.0000669080
        0.0976534508        0.0325319285        0.0000651306
        0.1014829980        0.0328336629        0.0000645842
        0.1053125450        0.0347249063        0.0000600773
        0.1091420920        0.0356458764        0.0000691649
        0.1129716390        0.0359657506        0.0000592614
        0.1168011860        0.0340163778        0.0000601226
        0.1206307330        0.0343267948        0.0000650476
        0.1244602800        0.0330863262        0.0000633657
        0.1282898280        0.0342983080        0.0000680306
        0.1321193750        0.0337425386        0.0000631915
        0.1359489220        0.0354651407        0.0000581596
        0.1397784690        0.0370678634        0.0000573266
        0.1436080160        0.0353318952        0.0000612578
        0.1474375630        0.0368752953        0.0000594589
        0.1512671100        0.0383898401        0.0000614613
        0.1550966570        0.0400635234        0.0000632422
        0.1589262040        0.0397622084        0.0000586257
        0.1627557510        0.0403801089        0.0000617536
        0.1665852980        0.0439917105        0.0000573125
        0.1704148460        0.0468985456        0.0000667777
        0.1742443930        0.0492076350        0.0000645218
        0.1780739400        0.0552632140        0.0000749659
        0.1819034870        0.0629782351        0.0000717950
        0.1857330340        0.0704737001        0.0000809706
        0.1895625810        0.0804874121        0.0000765262
        0.1933921280        0.0917930893        0.0000770796
        0.1972216750        0.1033355581        0.0000879742
        0.2010512220        0.1194515859        0.0000917007
        0.2048807690        0.1372791233        0.0001068188
        0.2087103160        0.1592946147        0.0001106406
        0.2125398640        0.1811849859        0.0001220767
        0.2163694110        0.2088173609        0.0001121034
        0.2201989580        0.2374760371        0.0001118433
        0.2240285050        0.2662189618        0.0001186330
        0.2278580520        0.2930023768        0.0001266602
        0.2316875990        0.3156624510        0.0001479880
        0.2355171460        0.3423570448        0.0001529156
        0.2393466930        0.3623094429        0.0001370724
        0.2431762400        0.3769836307        0.0001527777
        0.2470057870        0.3735990657        0.0001610727
        0.2508353340        0.3686224223        0.0001534401
        0.2546648820        0.3494719771        0.0001759307
        0.2584944290        0.3218873049        0.0001532787
        0.2623239760        0.2918932585        0.0001288120
        0.2661535230        0.2589111734        0.0001295141
        0.2699830700        0.2224890565        0.0001165673
        0.2738126170        0.1900408535        0.0001132265
        0.2776421640        0.1620405740        0.0001058732
        0.2814717110        0.1363049114        0.0001022841
        0.2853012580        0.1124275197        0.0000968752
        0.2891308050        0.0893608641        0.0000803991
        0.2929603520        0.0711093106        0.0000738619
        0.2967899000        0.0577950258        0.0000629214
        0.3006194470        0.0468608645        0.0000540927
        0.3044489940        0.0386562289        0.0000591391
        0.3082785410        0.0324118900        0.0000526306
        0.3121080880        0.0273401766        0.0000523394
        0.3159376350        0.0247046994        0.0000472814
        0.3197671820        0.0225002681        0.0000479237
        0.3235967290        0.0203846444        0.0000457072
        0.3274262760        0.0202273925        0.0000432839
        0.3312558230        0.0200518037        0.0000450652
        0.3350853700        0.0199341615        0.0000536441
        0.3389149180        0.0184446235        0.0000555610
        0.3427444650        0.0186836230        0.0000529125
        0.3465740120        0.0182958846        0.0000413568
        0.3504035590        0.0182086100        0.0000475003
        0.3542331060        0.0181982552        0.0000506404
        0.3580626530        0.0183145261        0.0000480230
        0.3618922000        0.0180037547        0.0000544170
        0.3657217470        0.0162414270        0.0000473948
        0.3695512940        0.0155079538        0.0000487857
        0.3733808410        0.0146023878        0.0000489153
        0.3772103880        0.0142559942        0.0000496386
        0.3810399360        0.0127122307        0.0000495769
        0.3848694830        0.0115041294        0.0000489171
        0.3886990300        0.0121893761        0.0000486256
        0.3925285770        0.0120108861        0.0000509168
        0.3963581240        0.0111529526        0.0000432552
        0.4001876710        0.0103361950        0.0000449340
        0.4040172180        0.0107434883        0.0000394073
        0.4078467650        0.0108691313        0.0000472572
        0.4116763120        0.0101277246        0.0000428417
        0.4155058590        0.0098097797        0.0000466621
        0.4193354060        0.0093182852        0.0000499598
        0.4231649540        0.0087955440        0.0000476442
        0.4269945010        0.0087902656        0.0000449253
        0.4308240480        0.0078913065        0.0000525763
        0.4346535950        0.0083788619        0.0000526216
        0.4384831420        0.0071674141        0.0000537704
        0.4423126890        0.0083748391        0.0000523608
        0.4461422360        0.0081188541        0.0000534631
        0.4499717830        0.0080062325        0.0000488308
        0.4538013300        0.0070786090        0.0000522882
        0.4576308770        0.0078651498        0.0000572949
        0.4614604240        0.0081537369        0.0000585607
        0.4652899720        0.0063856649        0.0000489503
        0.4691195190        0.0062496157        0.0000501039
        0.4729490660        0.0064401284        0.0000534649
        0.4767786130        0.0067067834        0.0000542915
        0.4806081600        0.0070693209        0.0000546338
        0.4844377070        0.0062856505        0.0000591772
        0.4882672540        0.0069493275        0.0000518677
        0.4920968010        0.0068287264        0.0000551409
        0.4959263480        0.0069572207        0.0000564103
        0.4997558950        0.0073038896        0.0000565475
        0.5035854420        0.0068232249        0.0000516538
        0.5074149900        0.0069007491        0.0000624007
        0.5112445370        0.0072916475        0.0000578816
        0.5150740840        0.0090738004        0.0000585649
        0.5189036310        0.0079845693        0.0000697240
        0.5227331780        0.0083591388        0.0000768305
        0.5265627250        0.0080803042        0.0000695185
        0.5303922720        0.0092209419        0.0000672662
        0.5342218190        0.0095524963        0.0000618033
        0.5380513660        0.0091467375        0.0000661570
        0.5418809130        0.0083187376        0.0000572592
        0.5457104600        0.0071043819        0.0000546003
        0.5495400080        0.0081052944        0.0000617988
        0.5533695550        0.0084278406        0.0000586431
        0.5571991020        0.0072482493        0.0000665205
        0.5610286490        0.0077659436        0.0000626984
        0.5648581960        0.0084044729        0.0000681887
        0.5686877430        0.0085599330        0.0000644484
        0.5725172900        0.0077935578        0.0000765541
        0.5763468370        0.0070269073        0.0000715368
        0.5801763840        0.0071186129        0.0000704292
        0.5840059310        0.0086108927        0.0000715784
        0.5878354780        0.0086438049        0.0000757128
        0.5916650260        0.0078732320        0.0000653338
        0.5954945730        0.0069388961        0.0000654917
        0.5993241200        0.0065298328        0.0000607296
        0.6031536670        0.0069568150        0.0000804167
        0.6069832140        0.0056665986        0.0000604332
        0.6108127610        0.0072823127        0.0000699135
        0.6146423080        0.0066762374        0.0000819337
        0.6184718550        0.0066575859        0.0000617244
        0.6223014020        0.0068226232        0.0000690612
        0.6261309490        0.0056645255        0.0000560123
        0.6299604960        0.0063420521        0.0000692483
        0.6337900440        0.0076536650        0.0000658377
        0.6376195910        0.0068625767        0.0000722796
        0.6414491380        0.0077956433        0.0000673095
        0.6452786850        0.0079093119        0.0000691746
        0.6491082320        0.0078551428        0.0000842808
        0.6529377790        0.0068193833        0.0000726153
        0.6567673260        0.0079095566        0.0000749345
        0.6605968730        0.0071798059        0.0000769844
        0.6644264200        0.0070487811        0.0000782559
        0.6682559670        0.0095855403        0.0000896054
        0.6720855140        0.0083666598        0.0000747412
        0.6759150620        0.0102576666        0.0000905759
        0.6797446090        0.0090749690        0.0000886630
        0.6835741560        0.0087063966        0.0000921019
        0.6874037030        0.0093871242        0.0000961766
        0.6912332500        0.0092490430        0.0001008595
        0.6950627970        0.0112310626        0.0000988945
        0.6988923440        0.0098559934        0.0000746464
        0.7027218910        0.0120933395        0.0000786267
        0.7065514380        0.0127892745        0.0000864688
        0.7103809850        0.0112576358        0.0001025530
        0.7142105320        0.0121237822        0.0001002019
        0.7180400800        0.0147724076        0.0000952223
        0.7218696270        0.0160272085        0.0000908327
        0.7256991740        0.0168974200        0.0000901085
        0.7295287210        0.0175632004        0.0000888926
        0.7333582680        0.0172604130        0.0000978309
        0.7371878150        0.0174849878        0.0000898142
        0.7410173620        0.0161581812        0.0000893005
        0.7448469090        0.0156734080        0.0000841270
        0.7486764560        0.0158831988        0.0000863617
        0.7525060030        0.0150933552        0.0000770445
        0.7563355500        0.0138955699        0.0000824349
        0.7601650980        0.0136937534        0.0000834200
        0.7639946450        0.0136805844        0.0000933768
        0.7678241920        0.0131631900        0.0000974392
        0.7716537390        0.0123569287        0.0001008041
        0.7754832860        0.0116304874        0.0000961048
        0.7793128330        0.0091489832        0.0000851553
        0.7831423800        0.0090166982        0.0000892586
        0.7869719270        0.0083601856        0.0000825217
        0.7908014740        0.0081037386        0.0000987220
        0.7946310210        0.0079832279        0.0000988257
        0.7984605680        0.0070620964        0.0000944599
        0.8022901160        0.0073904668        0.0000987262
        0.8061196630        0.0056584789        0.0000956934
        0.8099492100        0.0071627931        0.0001193721
        0.8137787570        0.0066618676        0.0001633383
        0.8176083040        0.0061593300        0.0001680876
        0.8214378510        0.0063321550        0.0001538723
        0.8252673980        0.0069788693        0.0002509352
        0.8290969450        0.0075470799        0.0002150771
        0.8329264920        0.0060293924        0.0002345091
        0.8367560390        0.0067648712        0.0002508037
        0.8405855860        0.0056241098        0.0002416776
        0.8444151340        0.0059156380        0.0003047365
        0.8482446810        0.0056805841        0.0003962395
        0.8520742280        0.0054335194        0.0003589735
        0.8559037750        0.0079025420        0.0006365042
        0.8597333220        0.0047796597        0.0006939083
        0.8635628690        0.0038251710        0.0008562610
        0.8712219630        0.0017490613        0.0012788719
        0.8750515100        0.0068004787        0.0013833729
        0.8788810570        0.0084308666        0.0021219433
        0.8827106040        0.0031839059        0.0007724581
        0.8865401520        0.0127896433        0.0017270675
        0.8903696990        0.0001752668        0.0011779127
        0.8941992460        0.0046412666        0.0003557986
        0.8980287930        0.0007000905        0.0029640192
