# Hecus319_03-D2O-30C.dat
#
# sample:	005355_005356.chi
# background:	005205_005207.chi
# scfb = 0.9612
# y' = y(sample) - scfb * y(background)
# dy' = sqrt( dy(sample)^2 + ( scfb * dy(background) )^2 )
# Drop 0 points at the beginning and 0 points at the end
#
#           s [1/nm]            I [1/cm]           dI [1/cm]
        0.0134034148        1.1562430045        0.0012341077
        0.0172329619        0.9467212605        0.0011471702
        0.0210625090        0.6194499093        0.0008071907
        0.0248920561        0.3988765512        0.0005052531
        0.0287216032        0.2758503375        0.0003990927
        0.0325511503        0.1884792633        0.0003149927
        0.0363806974        0.1247332759        0.0002305558
        0.0402102445        0.0908920565        0.0001847957
        0.0440397915        0.0671437816        0.0001587573
        0.0478693386        0.0502532232        0.0001186489
        0.0516988857        0.0379924969        0.0000962147
        0.0555284328        0.0320004615        0.0000718536
        0.0593579799        0.0257311880        0.0000710217
        0.0631875270        0.0196090654        0.0000639464
        0.0670170741        0.0192471868        0.0000686170
        0.0708466212        0.0154809447        0.0000495801
        0.0746761683        0.0119995340        0.0000455194
        0.0785057154        0.0125121886        0.0000440120
        0.0823352625        0.0114692414        0.0000435398
        0.0861648095        0.0118752162        0.0000394621
        0.0899943566        0.0115506756        0.0000416011
        0.0938239037        0.0115032688        0.0000423626
        0.0976534508        0.0129449489        0.0000437763
        0.1014829980        0.0121333276        0.0000422168
        0.1053125450        0.0108407632        0.0000360842
        0.1091420920        0.0096910865        0.0000364096
        0.1129716390        0.0126153200        0.0000401961
        0.1168011860        0.0116075396        0.0000378016
        0.1206307330        0.0110616653        0.0000391552
        0.1244602800        0.0111170359        0.0000372961
        0.1282898280        0.0113863533        0.0000368065
        0.1321193750        0.0122497313        0.0000366244
        0.1359489220        0.0112211234        0.0000400190
        0.1397784690        0.0104852380        0.0000376464
        0.1436080160        0.0121268824        0.0000391062
        0.1474375630        0.0114903076        0.0000348554
        0.1512671100        0.0122350829        0.0000380841
        0.1550966570        0.0114092068        0.0000343656
        0.1589262040        0.0121559274        0.0000381057
        0.1627557510        0.0134624074        0.0000361729
        0.1665852980        0.0138651045        0.0000358136
        0.1704148460        0.0141204268        0.0000375073
        0.1742443930        0.0168155869        0.0000406497
        0.1780739400        0.0171022155        0.0000346916
        0.1819034870        0.0177780316        0.0000350493
        0.1857330340        0.0208383082        0.0000403557
        0.1895625810        0.0243375972        0.0000391077
        0.1933921280        0.0289271759        0.0000374215
        0.1972216750        0.0329239532        0.0000429163
        0.2010512220        0.0366248052        0.0000424674
        0.2048807690        0.0416939198        0.0000438890
        0.2087103160        0.0493862724        0.0000463500
        0.2125398640        0.0549068120        0.0000478810
        0.2163694110        0.0635378522        0.0000566439
        0.2201989580        0.0712543420        0.0000572643
        0.2240285050        0.0799319914        0.0000588835
        0.2278580520        0.0894754919        0.0000553200
        0.2316875990        0.0977725262        0.0000615426
        0.2355171460        0.1045340936        0.0000576467
        0.2393466930        0.1090123647        0.0000632766
        0.2431762400        0.1110536948        0.0000564303
        0.2470057870        0.1109661690        0.0000594748
        0.2508353340        0.1105914109        0.0000669120
        0.2546648820        0.1042816936        0.0000622333
        0.2584944290        0.0949570857        0.0000549207
        0.2623239760        0.0871783713        0.0000507844
        0.2661535230        0.0777668102        0.0000552785
        0.2699830700        0.0659543585        0.0000506433
        0.2738126170        0.0575602165        0.0000515951
        0.2776421640        0.0498653808        0.0000433124
        0.2814717110        0.0407502916        0.0000447479
        0.2853012580        0.0337473530        0.0000507486
        0.2891308050        0.0276764444        0.0000423638
        0.2929603520        0.0227029201        0.0000447964
        0.2967899000        0.0176716583        0.0000329610
        0.3006194470        0.0142081386        0.0000351364
        0.3044489940        0.0116757822        0.0000327888
        0.3082785410        0.0099479276        0.0000312117
        0.3121080880        0.0093415029        0.0000300081
        0.3159376350        0.0083216771        0.0000304402
        0.3197671820        0.0071582876        0.0000301177
        0.3235967290        0.0068189039        0.0000303422
        0.3274262760        0.0063644632        0.0000285341
        0.3312558230        0.0058438606        0.0000284157
        0.3350853700        0.0061993595        0.0000351491
        0.3389149180        0.0061574289        0.0000338940
        0.3427444650        0.0067837345        0.0000328110
        0.3465740120        0.0065999072        0.0000351743
        0.3504035590        0.0067908349        0.0000316345
        0.3542331060        0.0068142750        0.0000318236
        0.3580626530        0.0055657977        0.0000350658
        0.3618922000        0.0055581357        0.0000368477
        0.3657217470        0.0051540030        0.0000356666
        0.3695512940        0.0048608883        0.0000345072
        0.3733808410        0.0049517167        0.0000336089
        0.3772103880        0.0048986533        0.0000329160
        0.3810399360        0.0050318201        0.0000357237
        0.3848694830        0.0050480885        0.0000399704
        0.3886990300        0.0047448569        0.0000337731
        0.3925285770        0.0039980149        0.0000329443
        0.3963581240        0.0040707937        0.0000328541
        0.4001876710        0.0037380788        0.0000353265
        0.4040172180        0.0046208204        0.0000357486
        0.4078467650        0.0042274310        0.0000333268
        0.4116763120        0.0036255822        0.0000366688
        0.4155058590        0.0037292032        0.0000378736
        0.4193354060        0.0035358632        0.0000404401
        0.4231649540        0.0030788584        0.0000361743
        0.4269945010        0.0034277250        0.0000331837
        0.4308240480        0.0039346326        0.0000378805
        0.4346535950        0.0036481950        0.0000392128
        0.4384831420        0.0029482679        0.0000454306
        0.4423126890        0.0025370080        0.0000458167
        0.4461422360        0.0024699741        0.0000454881
        0.4499717830        0.0036754310        0.0000351224
        0.4538013300        0.0034893151        0.0000407612
        0.4576308770        0.0030930943        0.0000478429
        0.4614604240        0.0024574563        0.0000489833
        0.4652899720        0.0030553766        0.0000416453
        0.4691195190        0.0021435076        0.0000385143
        0.4729490660        0.0027203386        0.0000434917
        0.4767786130        0.0025160425        0.0000409597
        0.4806081600        0.0037801567        0.0000417218
        0.4844377070        0.0027706623        0.0000452292
        0.4882672540        0.0029542341        0.0000401932
        0.4920968010        0.0026491396        0.0000468863
        0.4959263480        0.0035387593        0.0000518836
        0.4997558950        0.0038524377        0.0000481559
        0.5035854420        0.0023374004        0.0000463103
        0.5074149900        0.0027523265        0.0000537079
        0.5112445370        0.0035290498        0.0000516446
        0.5150740840        0.0039455327        0.0000498899
        0.5189036310        0.0034753792        0.0000602383
        0.5227331780        0.0029802879        0.0000554289
        0.5265627250        0.0026028908        0.0000551258
        0.5303922720        0.0029994071        0.0000535800
        0.5342218190        0.0036195185        0.0000567416
        0.5380513660        0.0032697098        0.0000576071
        0.5418809130        0.0037265498        0.0000419972
        0.5457104600        0.0032921434        0.0000473634
        0.5495400080        0.0025653648        0.0000495936
        0.5533695550        0.0032789089        0.0000519076
        0.5571991020        0.0024289879        0.0000470079
        0.5610286490        0.0030797227        0.0000481321
        0.5648581960        0.0033318720        0.0000556927
        0.5686877430        0.0032259930        0.0000524951
        0.5725172900        0.0028240484        0.0000689592
        0.5763468370        0.0026665347        0.0000614586
        0.5801763840        0.0033764436        0.0000532746
        0.5840059310        0.0037151888        0.0000618545
        0.5878354780        0.0040705542        0.0000601134
        0.5916650260        0.0039078983        0.0000565010
        0.5954945730        0.0033586230        0.0000493509
        0.5993241200        0.0034448406        0.0000511129
        0.6031536670        0.0028443559        0.0000589433
        0.6069832140        0.0019123524        0.0000508009
        0.6108127610        0.0022983949        0.0000632107
        0.6146423080        0.0031283230        0.0000630831
        0.6184718550        0.0020110638        0.0000644438
        0.6223014020        0.0029321746        0.0000544479
        0.6261309490        0.0012756584        0.0000577246
        0.6299604960        0.0026332375        0.0000528588
        0.6337900440        0.0038078042        0.0000505034
        0.6376195910        0.0029401291        0.0000560247
        0.6414491380        0.0033667122        0.0000562691
        0.6452786850        0.0038939398        0.0000631030
        0.6491082320        0.0031584538        0.0000654448
        0.6529377790        0.0026819109        0.0000545515
        0.6567673260        0.0027890075        0.0000561146
        0.6605968730        0.0021926330        0.0000535962
        0.6644264200        0.0022024415        0.0000588017
        0.6682559670        0.0029501131        0.0000727816
        0.6720855140        0.0039164916        0.0000686622
        0.6759150620        0.0031992057        0.0000806986
        0.6797446090        0.0031303535        0.0000775876
        0.6835741560        0.0036512218        0.0000521318
        0.6874037030        0.0033269521        0.0000736992
        0.6912332500        0.0034350791        0.0000870815
        0.6950627970        0.0038255497        0.0000891233
        0.6988923440        0.0043499191        0.0000546677
        0.7027218910        0.0048553063        0.0000623316
        0.7065514380        0.0049533948        0.0000635026
        0.7103809850        0.0055974369        0.0000628836
        0.7142105320        0.0048490729        0.0000825582
        0.7180400800        0.0046262322        0.0000737934
        0.7218696270        0.0054593465        0.0000796641
        0.7256991740        0.0058388748        0.0000803418
        0.7295287210        0.0057915979        0.0000827996
        0.7333582680        0.0058756770        0.0000827078
        0.7371878150        0.0055761680        0.0000579574
        0.7410173620        0.0058043543        0.0000540543
        0.7448469090        0.0048808359        0.0000723859
        0.7486764560        0.0042131227        0.0000623429
        0.7525060030        0.0042420005        0.0000630974
        0.7563355500        0.0048113517        0.0000624425
        0.7601650980        0.0055677916        0.0000625384
        0.7639946450        0.0048075653        0.0000688600
        0.7678241920        0.0037033059        0.0000682680
        0.7716537390        0.0044288590        0.0000666219
        0.7754832860        0.0042767175        0.0000715517
        0.7793128330        0.0027958001        0.0000646521
        0.7831423800        0.0033816368        0.0000649946
        0.7869719270        0.0041309594        0.0000826923
        0.7908014740        0.0037086089        0.0000822492
        0.7946310210        0.0032608901        0.0000838137
        0.7984605680        0.0025802767        0.0000655077
        0.8022901160        0.0032837668        0.0000775548
        0.8061196630        0.0023897258        0.0000766916
        0.8099492100        0.0027982262        0.0001001784
        0.8137787570        0.0017265332        0.0001195947
        0.8176083040        0.0028819217        0.0001300830
        0.8214378510        0.0024618627        0.0001319120
        0.8252673980        0.0020232268        0.0001810077
        0.8290969450        0.0050221521        0.0001885319
        0.8329264920        0.0033055968        0.0002272421
        0.8367560390        0.0038917250        0.0002480588
        0.8405855860        0.0025693863        0.0001553411
        0.8444151340        0.0009924562        0.0003069233
        0.8482446810        0.0015265963        0.0003504244
        0.8520742280        0.0023843771        0.0004677113
        0.8559037750        0.0056681532        0.0006005893
        0.8597333220        0.0046526261        0.0005944371
        0.8635628690        0.0057923146        0.0006856193
        0.8673924160        0.0024128164        0.0007337651
        0.8712219630        0.0027534222        0.0009698066
        0.8750515100        0.0045269856        0.0014828352
        0.8788810570        0.0029368817        0.0014664318
        0.8827106040        0.0039292183        0.0006484063
        0.8865401520        0.0053451210        0.0011416370
        0.8903696990        0.0026858709        0.0014722007
        0.8941992460        0.0127968035        0.0020991509
        0.8980287930        0.0154287614        0.0014891366
