# JCNS319-30C.dat
#
# low-Q:
# sample:	QI-53347-KWS-HF.RAD
# scf = 0.95
# y' = scf * y(sample)
# dy' = scf * dy(sample)
# Drop 0 points at the beginning and 8 points at the end
#
# middle-Q:
# sample:	QI-53312-KWS-HF.RAD
# scf = 0.95
# y' = scf * y(sample)
# dy' = scf * dy(sample)
# Drop 2 points at the beginning and 7 points at the end
#
# high-Q:
# sample:	QI-53295-KWS-HF.RAD
# y' = y(sample)
# dy' = dy(sample)
# Drop 8 points at the beginning and 0 points at the end
#
#           s [1/nm]            I [1/cm]           ds [1/nm]           dI [1/cm]
        0.0041090741    13323.9579550000        0.0015251769       20.2235484150
        0.0046960828    11315.7065950000        0.0015373512        9.2665428675
        0.0052830908     9380.6866120000        0.0015510331        6.5922379670
        0.0058700979     7816.2882860000        0.0015661833        5.2803609270
        0.0064571041     6541.3211495000        0.0015827594        4.5260766875
        0.0070441093     5565.1176415000        0.0016007172        3.9838432875
        0.0076311133     4822.4876315000        0.0016200108        3.5473667850
        0.0082181161     4198.7284995000        0.0016405930        3.1575618445
        0.0088051177     3700.1001470000        0.0016624159        2.8343259880
        0.0093921178     3404.2944195000        0.0016854313        2.6232331950
        0.0099791164     3188.2283860000        0.0017095911        2.5051548260
        0.0105661134     2868.6183660000        0.0017348474        2.2509157310
        0.0111531088     2657.6214280000        0.0017611530        2.0940773240
        0.0117401023     2491.6265410000        0.0017884616        1.9661136160
        0.0119861379     2367.7843130000        0.0016701770        1.7178274965
        0.0123270940     2351.7567110000        0.0018167280        1.8627171930
        0.0129140838     2226.4624460000        0.0018459081        1.7691418890
        0.0134843655     2134.8354305000        0.0017506468        1.2526815330
        0.0135010714     2128.9321780000        0.0018759593        1.6870177140
        0.0140880570     2048.2171190000        0.0019068405        1.6181284545
        0.0146750402     1972.7633405000        0.0019385118        1.5546846425
        0.0149825791     1963.0916850000        0.0018364146        1.0355565060
        0.0152620212     1898.6462500000        0.0019709352        1.4980411585
        0.0158489997     1841.3625515000        0.0020040742        1.4839854810
        0.0164359757     1893.0770745000        0.0020378938        1.7260962965
        0.0164807772     1830.3414780000        0.0019267727        0.9404813154
        0.0170229490     1868.9908410000        0.0020723607        1.6743100675
        0.0176099197     1764.6872820000        0.0021074432        1.4756746435
        0.0179789580     1738.5675735000        0.0020211052        0.8685741605
        0.0181968876     1714.9258545000        0.0021431109        1.3605050130
        0.0187838525     1729.6223355000        0.0021793351        1.3585021470
        0.0193708145     1739.5779555000        0.0022160886        1.3651304775
        0.0194771203     1677.7810540000        0.0021188808        0.8140814489
        0.0199577733     1710.6837340000        0.0022533453        1.3003085100
        0.0205447291     1684.1635340000        0.0022910807        1.2690006900
        0.0209752625     1601.7786695000        0.0022196444        0.7579429185
        0.0211316815     1652.5539940000        0.0023292715        1.2371398750
        0.0217186305     1623.6917970000        0.0023678957        1.2088423010
        0.0223055761     1589.6659225000        0.0024069323        1.1885424825
        0.0224733827     1508.8680615000        0.0023230067        0.7072235204
        0.0228925182     1550.2880805000        0.0024463617        1.1726360910
        0.0234794566     1493.7628240000        0.0024861650        1.1417501090
        0.0239714797     1430.7964060000        0.0024286355        0.6701411112
        0.0240663913     1438.9486315000        0.0025263247        1.0900603905
        0.0246533221     1371.4205605000        0.0025668239        1.0543650050
        0.0252402489     1296.1334405000        0.0026076467        1.0176813820
        0.0254695519     1334.3523395000        0.0025362473        0.6325668670
        0.0258271719     1218.2028220000        0.0026487783        0.9557831915
        0.0264140906     1132.8671625000        0.0026902044        0.9059558616
        0.0269675974     1131.9305860000        0.0026455997        0.5503336026
        0.0270010052     1050.7765985000        0.0027319116        0.8599971558
        0.0275879154      962.2154705000        0.0027738872        0.8202893817
        0.0281748213      897.6343308500        0.0028161192        0.8173657082
        0.0284656152      926.5478981500        0.0027564850        0.4809344999
        0.0287617226      837.7666931500        0.0028585961        0.8351555364
        0.0293486195      766.8711533500        0.0029013072        0.7906075465
        0.0299355117      705.7513786000        0.0029442423        0.7413374429
        0.0299636033      737.1931581000        0.0028687252        0.4155918716
        0.0305223990      647.6357043000        0.0029873917        0.7097016961
        0.0311092814      599.1472730000        0.0030307462        0.6761789359
        0.0314615604      578.9510653000        0.0029821667        0.3568560516
        0.0316961589      556.6968631000        0.0030742970        0.6433687099
        0.0322830315      515.0318847000        0.0031180361        0.6079711286
        0.0328698988      478.8534251500        0.0031619554        0.5761201869
        0.0329594849      457.8230557000        0.0030966772        0.3112825974
        0.0334567610      442.3904301500        0.0032060476        0.5590331050
        0.0340436178      406.5558905500        0.0032503056        0.5879872687
        0.0344573751      369.1994652000        0.0032121419        0.2749955225
        0.0346304692      374.2381141500        0.0032947228        0.6133593025
        0.0352173150      348.3400967000        0.0033392926        0.6193648462
        0.0358041552      320.9004648500        0.0033840091        0.6258623513
        0.0359552295      303.9156647000        0.0033284609        0.2415738337
        0.0363909897      302.8477668500        0.0034288665        0.6454653229
        0.0369778185      285.4852239000        0.0034738593        0.6578694026
        0.0374530467      254.1058052500        0.0034455474        0.2168050889
        0.0375646414      265.1206771500        0.0035189823        0.6522474394
        0.0381514583      247.6705499000        0.0035642305        0.6524893541
        0.0387382691      234.2218169500        0.0036095992        0.6635566812
        0.0389508251      214.4454931000        0.0035633251        0.1953481105
        0.0393250737      221.8436998000        0.0036550839        0.6722394484
        0.0399118720      209.9945189000        0.0037006802        0.6832757352
        0.0404485630      184.4790132500        0.0036817274        0.1803776068
        0.0404986641      197.3334414000        0.0037463841        0.7140996632
        0.0410854497      193.1062055000        0.0037921916        0.7518639046
        0.0416722287      181.2260289500        0.0038380990        0.7836279221
        0.0419462591      175.1687282500        0.0038006953        0.2081526551
        0.0422590011      173.0556309000        0.0038841027        0.8318055932
        0.0428457667      166.0032916500        0.0039301994        0.8798744628
        0.0434439116      155.2940034000        0.0039201770        0.1883633571
        0.0449415190      130.8807932000        0.0040401263        0.1581935830
        0.0464390798      116.5007876000        0.0041605022        0.1383824644
        0.0479365924      108.2952832500        0.0042812685        0.1326179680
        0.0494340553       99.6635690000        0.0044023924        0.1270952731
        0.0509314671       89.0072177900        0.0045238447        0.1161642473
        0.0524288260       79.3143052800        0.0046455993        0.1071173840
        0.0539261305       70.1467439100        0.0047676324        0.0993552627
        0.0554233791       62.0521494000        0.0048899227        0.0926577435
        0.0569205701       54.7158992300        0.0050124510        0.0858297572
        0.0584177023       48.6638987700        0.0051351996        0.0808872357
        0.0599147739       42.8369013450        0.0052581527        0.0747820270
        0.0614117834       37.9487701100        0.0053812957        0.0689500296
        0.0629087292       33.8327876650        0.0055046155        0.0644722424
        0.0644056099       29.9582916100        0.0056280999        0.0600187802
        0.0659024238       26.6843230450        0.0057517377        0.0556644122
        0.0673991694       23.9746643600        0.0058755189        0.0519101473
        0.0688958452       21.4031883050        0.0059994341        0.0478012809
        0.0703924496       19.1804124100        0.0061234745        0.0450932234
        0.0718889810       17.5882519300        0.0062476323        0.0451935192
        0.0733854380       16.3921445500        0.0063719002        0.0455549619
        0.0748818190       15.0778101450        0.0064962712        0.0430027973
        0.0763781223       13.8025281500        0.0066207391        0.0409801736
        0.0778743467       12.7215984850        0.0067452980        0.0392958295
        0.0793704904       11.7370059450        0.0068699424        0.0370434076
        0.0808665519       10.9286994900        0.0069946673        0.0353445965
        0.0823625296       10.2789223850        0.0071194680        0.0336570538
        0.0838584222        9.5873827100        0.0072443400        0.0319500704
        0.0853542278        8.9055039935        0.0073692792        0.0313121728
        0.0868499451        8.2835518375        0.0074942818        0.0330455360
        0.0883455726        7.7823461160        0.0076193441        0.0346548125
        0.0898411085        7.0989819415        0.0077444627        0.0350856526
        0.0913365516        6.6032121390        0.0078696344        0.0356198335
        0.0928319001        6.2234114015        0.0079948562        0.0365827909
        0.0936616476        6.4905621400        0.0097603300        0.0139673426
        0.0943271527        5.8891591360        0.0081201254        0.0375093650
        0.0958223076        5.5053479070        0.0082454392        0.0373108785
        0.0973173633        5.2195601765        0.0083707951        0.0378683966
        0.0988123185        4.9490444750        0.0084961908        0.0382653599
        0.1003071715        4.6509736435        0.0086216239        0.0388013167
        0.1018019206        4.4421275055        0.0087470926        0.0399106475
        0.1032965646        4.1134913930        0.0088725945        0.0406963203
        0.1047911018        3.9701920535        0.0089981280        0.0432036537
        0.1062855306        3.7060507190        0.0091236911        0.0453057063
        0.1070197475        3.7991258000        0.0107034024        0.0091489470
        0.1077798497        3.5778982080        0.0092492822        0.0479045544
        0.1092740573        3.4549579100        0.0093748997        0.0509199764
        0.1107681520        3.2936221840        0.0095005419        0.0548826141
        0.1136955533        3.0342151700        0.0111879564        0.0080046941
        0.1203690144        2.4116907200        0.0116797062        0.0066021370
        0.1270399947        1.9365860600        0.0121777424        0.0055306240
        0.1337083579        1.5617586100        0.0126812857        0.0047576989
        0.1403739689        1.3081807800        0.0131896668        0.0041972031
        0.1470366919        1.0935353900        0.0137023077        0.0037625640
        0.1536963923        0.9337937770        0.0142187081        0.0033812329
        0.1603529358        0.8164762720        0.0147384330        0.0031582401
        0.1670061869        0.7087151060        0.0152611023        0.0028913047
        0.1736560131        0.6142049350        0.0157863833        0.0026246120
        0.1803022805        0.5552657570        0.0163139830        0.0025095973
        0.1869448556        0.5266848010        0.0168436425        0.0028656071
        0.1935836078        0.4868218540        0.0173751325        0.0027106523
        0.2002184017        0.4477534920        0.0179082490        0.0023447125
        0.2068491086        0.4327346230        0.0184428094        0.0022216112
        0.2134755947        0.4245349650        0.0189786505        0.0021427514
        0.2200977311        0.4211774470        0.0195156253        0.0021188083
        0.2267153872        0.4159924160        0.0200536011        0.0020323965
        0.2333284343        0.3971399330        0.0205924579        0.0019482299
        0.2399367417        0.3827036500        0.0211320868        0.0018816397
        0.2465401805        0.3610768460        0.0216723883        0.0018136386
        0.2531386235        0.3310200720        0.0222132720        0.0017739577
        0.2597319417        0.3057076570        0.0227546542        0.0017056010
        0.2663200110        0.2759187240        0.0232964589        0.0016129276
        0.2729027040        0.2557374990        0.0238386152        0.0015299258
        0.2794798934        0.2304516620        0.0243810584        0.0014568027
        0.2860514567        0.2101155750        0.0249237281        0.0013973977
        0.2926172666        0.1914846050        0.0254665680        0.0013197034
        0.2991772020        0.1846738510        0.0260095262        0.0012818581
        0.3057311373        0.1734483590        0.0265525538        0.0012520982
        0.3122789515        0.1597871010        0.0270956053        0.0012115124
        0.3188205221        0.1570031540        0.0276386380        0.0012732400
        0.3253557296        0.1553004370        0.0281816115        0.0012919505
        0.3318844516        0.1517228440        0.0287244880        0.0012763660
        0.3384065702        0.1518952080        0.0292672320        0.0012513581
        0.3449219646        0.1488970220        0.0298098096        0.0012393988
        0.3514305184        0.1468201990        0.0303521887        0.0012472881
        0.3579321141        0.1438256090        0.0308943389        0.0012133551
        0.3644266336        0.1406958870        0.0314362315        0.0011865452
        0.3709139610        0.1422253860        0.0319778387        0.0011664937
        0.3773939832        0.1424787950        0.0325191345        0.0012005606
        0.3838665839        0.1431199960        0.0330600935        0.0012745832
        0.3903316503        0.1393630320        0.0336006920        0.0013794473
        0.3967890693        0.1410023770        0.0341409068        0.0014591380
        0.4032387294        0.1420181750        0.0346807156        0.0015365439
        0.4096805210        0.1390424400        0.0352200975        0.0016207035
        0.4161143309        0.1408266230        0.0357590319        0.0017034015
        0.4225400526        0.1388253360        0.0362974991        0.0017794163
        0.4289575762        0.1326753300        0.0368354800        0.0018094324
        0.4353667935        0.1385159110        0.0373729565        0.0019307381
        0.4417675994        0.1378758130        0.0379099104        0.0019826719
        0.4481598858        0.1422792980        0.0384463249        0.0021189374
        0.4545435508        0.1355352660        0.0389821834        0.0022285234
        0.4609184877        0.1380892940        0.0395174695        0.0023541272
        0.4672845947        0.1480372870        0.0400521678        0.0026721793
        0.4736417684        0.1411152470        0.0405862628        0.0027896551
        0.4799899084        0.1391985070        0.0411197400        0.0030552040
        0.4863289145        0.1383408250        0.0416525848        0.0033202268
        0.4926586864        0.1394231010        0.0421847835        0.0035266242
        0.4989791255        0.1358455380        0.0427163224        0.0037191533
        0.5052901363        0.1398389140        0.0432471880        0.0039097821
        0.5115916184        0.1419552270        0.0437773676        0.0044644050
        0.5178834796        0.1339085230        0.0443068486        0.0057647452
        0.5241656228        0.1060420480        0.0448356184        0.0104167848
        0.5304379558        0.1386539390        0.0453636653        0.0375884852
        0.5367003861        0.1583475350        0.0458909773        0.0903546176
