# JCNS331_03-30C.dat
#
# low-Q:
# sample:	QI-53356-KWS-HF.RAD
# scf = 0.95
# y' = scf * y(sample)
# dy' = scf * dy(sample)
# Drop 0 points at the beginning and 8 points at the end
#
# middle-Q:
# sample:	QI-53321-KWS-HF.RAD
# scf = 0.98
# y' = scf * y(sample)
# dy' = scf * dy(sample)
# Drop 14 points at the beginning and 8 points at the end
#
# high-Q:
# sample:	QI-53304-KWS-HF.RAD
# y' = y(sample)
# dy' = dy(sample)
# Drop 7 points at the beginning and 0 points at the end
#
#           s [1/nm]            I [1/cm]           ds [1/nm]           dI [1/cm]
        0.0041090741     5082.1828425000        0.0015251769        8.2984818095
        0.0046960828     4484.4251915000        0.0015373512        3.9019580375
        0.0052830908     3897.8608680000        0.0015510331        2.8429765645
        0.0058700979     3433.5670165000        0.0015661833        2.3412842435
        0.0064571041     3050.5461400000        0.0015827594        2.0670600175
        0.0070441093     2739.1246260000        0.0016007172        1.8668869900
        0.0076311133     2477.8155930000        0.0016200108        1.6996885290
        0.0082181161     2252.0030440000        0.0016405930        1.5485697205
        0.0088051177     2049.2230455000        0.0016624159        1.4134016875
        0.0093921178     1911.2368850000        0.0016854313        1.3175272030
        0.0099791164     1799.9559465000        0.0017095911        1.2574148510
        0.0105661134     1662.1592160000        0.0017348474        1.1472441870
        0.0111531088     1545.2673495000        0.0017611530        1.0686722900
        0.0117401023     1448.3631315000        0.0017884616        1.0034789485
        0.0123270940     1358.3114345000        0.0018167280        0.9479679680
        0.0129140838     1267.1749610000        0.0018459081        0.8932988443
        0.0135010714     1187.0138375000        0.0018759593        0.8425958804
        0.0140880570     1111.8973945000        0.0019068405        0.7968405032
        0.0146750402     1033.2668160000        0.0019385118        0.7513902782
        0.0152620212      956.3815110000        0.0019709352        0.7106215403
        0.0158489997      886.3185673500        0.0020040742        0.6871401804
        0.0164359757      843.5486477500        0.0020378938        0.7598036388
        0.0170229490      773.4161099500        0.0020723607        0.7143876880
        0.0176099197      697.9231249500        0.0021074432        0.6177407946
        0.0181968876      640.6044911500        0.0021431109        0.5554286663
        0.0187838525      592.8887974500        0.0021793351        0.5290007151
        0.0193708145      549.8339757000        0.0022160886        0.5111423871
        0.0199577733      503.7285994500        0.0022533453        0.4705557584
        0.0205447291      461.7531449000        0.0022910807        0.4434287963
        0.0211316815      423.7724888000        0.0023292715        0.4184785350
        0.0217186305      390.8806454500        0.0023678957        0.3954857097
        0.0223055761      361.9660084500        0.0024069323        0.3789508875
        0.0228925182      338.4936250500        0.0024463617        0.3653733630
        0.0234794566      315.9625472500        0.0024861650        0.3509729163
        0.0240663913      296.0051249000        0.0025263247        0.3312764618
        0.0246533221      278.1322970500        0.0025668239        0.3182225222
        0.0252402489      261.1226762500        0.0026076467        0.3057476029
        0.0258271719      246.5107300500        0.0026487783        0.2881322108
        0.0264140906      232.9965041000        0.0026902044        0.2757758002
        0.0270010052      220.1292158000        0.0027319116        0.2638114062
        0.0275879154      208.3268366500        0.0027738872        0.2559091219
        0.0281748213      199.4592640000        0.0028161192        0.2576890134
        0.0287617226      191.4679010500        0.0028585961        0.2663011244
        0.0293486195      182.3724671000        0.0029013072        0.2576882629
        0.0299355117      174.7948966000        0.0029442423        0.2470987715
        0.0299636033      183.5564774400        0.0028687252        0.2001505127
        0.0305223990      166.8982762000        0.0029873917        0.2413377369
        0.0311092814      159.4849939500        0.0030307462        0.2335460668
        0.0314615604      159.8030434000        0.0029821667        0.1811211088
        0.0316961589      152.4173749000        0.0030742970        0.2253217781
        0.0322830315      146.7148526500        0.0031180361        0.2176614379
        0.0328698988      140.9398587000        0.0031619554        0.2092493047
        0.0329594849      139.4705855200        0.0030966772        0.1659750707
        0.0334567610      133.5212032500        0.0032060476        0.2064130066
        0.0340436178      126.6582389000        0.0032503056        0.2205868831
        0.0344573751      121.7554116800        0.0032121419        0.1524643056
        0.0346304692      120.5821006500        0.0032947228        0.2337559921
        0.0352173150      113.6758353000        0.0033392926        0.2366770264
        0.0358041552      108.7551136500        0.0033840091        0.2447660399
        0.0359552295      105.7368128600        0.0033284609        0.1377023607
        0.0363909897      103.9721021000        0.0034288665        0.2533154005
        0.0369778185       98.1388019000        0.0034738593        0.2586165326
        0.0374530467       92.2198554340        0.0034455474        0.1259988607
        0.0375646414       93.9525139450        0.0035189823        0.2613668310
        0.0381514583       88.9198618700        0.0035642305        0.2629055223
        0.0387382691       84.9975088050        0.0036095992        0.2693378250
        0.0389508251       79.8211181880        0.0035633251        0.1146853653
        0.0393250737       79.8082092350        0.0036550839        0.2706572895
        0.0399118720       77.4260332200        0.0037006802        0.2794641182
        0.0404485630       69.6237005520        0.0036817274        0.1066547259
        0.0404986641       73.4569451900        0.0037463841        0.2937211530
        0.0410854497       70.6387830150        0.0037921916        0.3063057649
        0.0416722287       67.5524714650        0.0038380990        0.3255356108
        0.0419462591       64.9146725640        0.0038006953        0.1194090134
        0.0422590011       64.7047696100        0.0038841027        0.3429315083
        0.0428457667       62.1196070950        0.0039301994        0.3641979147
        0.0434439116       57.0843132160        0.0039201770        0.1091419463
        0.0449415190       49.2077472600        0.0040401263        0.0928896992
        0.0464390798       43.7220419300        0.0041605022        0.0815388320
        0.0479365924       39.6567440920        0.0042812685        0.0768794542
        0.0494340553       35.2370049500        0.0044023924        0.0722696606
        0.0509314671       31.1226491940        0.0045238447        0.0659405760
        0.0524288260       27.5488735900        0.0046455993        0.0607715045
        0.0539261305       24.3310411400        0.0047676324        0.0564256708
        0.0554233791       21.3871124180        0.0048899227        0.0524154823
        0.0569205701       18.9698382440        0.0050124510        0.0488083953
        0.0584177023       16.9001553700        0.0051351996        0.0459010247
        0.0599147739       14.9745439620        0.0052581527        0.0427276899
        0.0614117834       13.3429498020        0.0053812957        0.0396800270
        0.0629087292       11.7875668120        0.0055046155        0.0368641922
        0.0644056099       10.5714716800        0.0056280999        0.0345041855
        0.0659024238        9.4333631546        0.0057517377        0.0321832336
        0.0673991694        8.4207827508        0.0058755189        0.0299293927
        0.0688958452        7.4914187726        0.0059994341        0.0275533250
        0.0703924496        6.5450690032        0.0061234745        0.0255371109
        0.0718889810        5.8608335618        0.0062476323        0.0253533219
        0.0733854380        5.3283095782        0.0063719002        0.0251635360
        0.0748818190        4.7971564284        0.0064962712        0.0236523035
        0.0763781223        4.3610314090        0.0066207391        0.0225467931
        0.0778743467        3.9954772186        0.0067452980        0.0216598795
        0.0793704904        3.5565653242        0.0068699424        0.0201148651
        0.0808665519        3.2076387742        0.0069946673        0.0189172237
        0.0823625296        2.9974907886        0.0071194680        0.0181353423
        0.0838584222        2.7299138916        0.0072443400        0.0170025687
        0.0853542278        2.4305471372        0.0073692792        0.0163338842
        0.0868499451        2.2309113568        0.0074942818        0.0171125429
        0.0869796274        2.3505484700        0.0093045361        0.0058157375
        0.0883455726        1.9902563730        0.0076193441        0.0174798549
        0.0898411085        1.8466013090        0.0077444627        0.0179211304
        0.0913365516        1.7013032064        0.0078696344        0.0182374280
        0.0928319001        1.5400976948        0.0079948562        0.0183024127
        0.0936616476        1.5671129600        0.0097603300        0.0043034626
        0.0943271527        1.4132982780        0.0081201254        0.0185321237
        0.0958223076        1.3932226056        0.0082454392        0.0190874447
        0.0973173633        1.3336424962        0.0083707951        0.0196737054
        0.0988123185        1.2405854300        0.0084961908        0.0197511793
        0.1003071715        1.2051889668        0.0086216239        0.0204391218
        0.1003417332        1.1700533900        0.0102271098        0.0035498959
        0.1018019206        1.1289745236        0.0087470926        0.0209925928
        0.1032965646        1.0615187814        0.0088725945        0.0212163097
        0.1047911018        1.0483837336        0.0089981280        0.0229535274
        0.1062855306        1.0341488612        0.0091236911        0.0252313478
        0.1077798497        1.0234761320        0.0092492822        0.0272580317
        0.1092740573        0.9351014401        0.0093748997        0.0278403767
        0.1136955533        0.8538518660        0.0111879564        0.0028869751
        0.1203690144        0.7748643910        0.0116797062        0.0026042910
        0.1270399947        0.6963124350        0.0121777424        0.0023415132
        0.1337083579        0.6075200700        0.0126812857        0.0021355880
        0.1403739689        0.5096354470        0.0131896668        0.0019068669
        0.1470366919        0.4184084430        0.0137023077        0.0017200366
        0.1536963923        0.3391298600        0.0142187081        0.0015465203
        0.1603529358        0.2727609620        0.0147384330        0.0014257055
        0.1670061869        0.2267845660        0.0152611023        0.0013045879
        0.1736560131        0.1936925130        0.0157863833        0.0011988306
        0.1803022805        0.1722691260        0.0163139830        0.0011629760
        0.1869448556        0.1729137200        0.0168436425        0.0013616262
        0.1935836078        0.1654501450        0.0173751325        0.0012930870
        0.2002184017        0.1623798030        0.0179082490        0.0011602188
        0.2068491086        0.1640464140        0.0184428094        0.0011155344
        0.2134755947        0.1621573160        0.0189786505        0.0010797240
        0.2200977311        0.1607976980        0.0195156253        0.0010670556
        0.2267153872        0.1598709650        0.0200536011        0.0010293624
        0.2333284343        0.1509305070        0.0205924579        0.0009965359
        0.2399367417        0.1420249570        0.0211320868        0.0009592084
        0.2465401805        0.1301615650        0.0216723883        0.0009247030
        0.2531386235        0.1221983340        0.0222132720        0.0009186168
        0.2597319417        0.1105380710        0.0227546542        0.0008888393
        0.2663200110        0.1024638100        0.0232964589        0.0008650293
        0.2729027040        0.0936920244        0.0238386152        0.0008240177
        0.2794798934        0.0863790686        0.0243810584        0.0007967762
        0.2860514567        0.0823281439        0.0249237281        0.0007809590
        0.2926172666        0.0783395088        0.0254665680        0.0007547790
        0.2991772020        0.0775260441        0.0260095262        0.0007378608
        0.3057311373        0.0732785995        0.0265525538        0.0007269585
        0.3122789515        0.0707134561        0.0270956053        0.0007167174
        0.3188205221        0.0692568654        0.0276386380        0.0007552147
        0.3253557296        0.0697662165        0.0281816115        0.0007670333
        0.3318844516        0.0668595051        0.0287244880        0.0007587927
        0.3384065702        0.0689734658        0.0292672320        0.0007509775
        0.3449219646        0.0699711167        0.0298098096        0.0007487601
        0.3514305184        0.0674844783        0.0303521887        0.0007527328
        0.3579321141        0.0663446082        0.0308943389        0.0007338896
        0.3644266336        0.0680315295        0.0314362315        0.0007258538
        0.3709139610        0.0674833628        0.0319778387        0.0007066449
        0.3773939832        0.0669895332        0.0325191345        0.0007273108
        0.3838665839        0.0677826968        0.0330600935        0.0007736865
        0.3903316503        0.0656751364        0.0336006920        0.0008395100
        0.3967890693        0.0652632834        0.0341409068        0.0008859093
        0.4032387294        0.0672298077        0.0346807156        0.0009399564
        0.4096805210        0.0658338199        0.0352200975        0.0009947751
        0.4161143309        0.0614724829        0.0357590319        0.0010219255
        0.4225400526        0.0613393695        0.0362974991        0.0010670389
        0.4289575762        0.0625285211        0.0368354800        0.0011175037
        0.4353667935        0.0632287808        0.0373729565        0.0011702926
        0.4417675994        0.0654861603        0.0379099104        0.0012194979
        0.4481598858        0.0674033903        0.0384463249        0.0012871703
        0.4545435508        0.0648169048        0.0389821834        0.0013573259
        0.4609184877        0.0650968786        0.0395174695        0.0014402916
        0.4672845947        0.0623199700        0.0400521678        0.0015661911
        0.4736417684        0.0642418719        0.0405862628        0.0016787767
        0.4799899084        0.0634248313        0.0411197400        0.0018480126
        0.4863289145        0.0624510090        0.0416525848        0.0020108633
        0.4926586864        0.0630034149        0.0421847835        0.0021377628
        0.4989791255        0.0644188093        0.0427163224        0.0022772786
        0.5052901363        0.0594315033        0.0432471880        0.0023345151
        0.5115916184        0.0572147799        0.0437773676        0.0026361937
        0.5178834796        0.0483121406        0.0443068486        0.0033828299
        0.5241656228        0.0784065480        0.0448356184        0.0079450500
        0.5304379558        0.0418424698        0.0453636653        0.0194597857
        0.5367003861        0.0128223008        0.0458909773        0.0457582513
